7108570 870
4940500 900
5029100 900
5117700 900
5206300 900
5294900 900
5383500 900
5472100 900
5560700 900
5649300 900
5737900 900
5826500 900
5915100 900
6003700 900
6092300 900
6180900 900
6269500 900
6358100 900
6446700 900
6535300 900
6623900 900
6712500 900
6801100 900
6889700 900
6978300 900
7066900 900
7155500 900
7244100 900
7332700 900
7421300 900
7509900 900
7598500 900
7687100 900
7775700 900
7864300 900
7952900 900
8041500 900
8130100 900
8218700 900
8307300 900
8395900 900
8484500 900
8573100 900
8661700 900
8750300 900
8838900 900
8927500 900
9016100 900
9104700 900
9193300 900
9281900 900
9370500 900
9459100 900
9547700 900
9636300 900
9724900 900
9813500 900
9902100 900
9990700 900
10079300 900
10167900 900
10256500 900
10345100 900
10433700 900
10522300 900
10610900 900
10699500 900
10788100 900
10876700 900
10965300 900
11053900 900
11142500 900
11231100 900
11319700 900
11408300 900
11496900 900
11585500 900
11674100 900
11762700 900
11851300 900
11939900 900
12028500 900
12117100 900
12205700 900
12294300 900
12382900 900
12471500 900
12560100 900
12648700 900
12737300 900
12825900 900
12914500 900
13003100 900
13091700 900
13180300 900
13268900 900
13357500 900
13446100 900
13534700 900
13623300 900
13711900 900
13800500 900
13889100 900
13977700 900
14066300 900
14154900 900
14243500 900
14332100 900
14420700 900
14509300 900
14597900 900
14686500 900
14775100 900
14863700 900
14952300 900
15040900 900
15129500 900
15218100 900
15306700 900
15395300 900
15483900 900
15572500 900
15661100 900
15749700 900
15838300 900
15926900 900
16015500 900
16104100 900
16192700 900
16281300 900
16369900 900
16458500 900
16547100 900
16635700 900
16724300 900
16812900 900
16901500 900
16990100 900
17078700 900
17167300 900
17255900 900
17344500 900
17433100 900
17521700 900
17610300 900
17698900 900
17787500 900
17876100 900
17964700 900
18053300 900
18141900 900
18230500 900
18319100 900
18407700 900
18496300 900
18584900 900
18673500 900
18762100 900
18850700 900
18939300 900
19027900 900
19116500 900
19205100 900
19293700 900
19382300 900
19470900 900
19559500 900
19648100 900
19736700 900
19825300 900
19913900 900
20002500 900
20091100 900
20179700 900
20268300 900
20356900 900
20445500 900
20534100 900
20622700 900
20711300 900
20799900 900
20888500 900
20977100 900
21065700 900
21154300 900
21242900 900
21331500 900
21420100 900
21508700 900
21597300 900
21685900 900
21774500 900
21863100 900
21951700 900
22040300 900
22128900 900
22217500 900
22306100 900
22394700 900
22483300 900
22571900 900
22660500 900
22749100 900
22837700 900
22926300 900
23014900 900
23103500 900
23192100 900
23280700 900
23369300 900
23457900 900
23546500 900
23635100 900
23723700 900
23812300 900
23900900 900
23989500 900
24078100 900
24166700 900
24255300 900
24343900 900
24432500 900
24521100 900
24609700 900
24698300 900
24786900 900
24875500 900
24964100 900
25052700 900
25141300 900
25229900 900
25318500 900
25407100 900
25495700 900
25584300 900
25672900 900
25761500 900
25850100 900
25938700 900
26027300 900
26115900 900
26204500 900
26293100 900
26381700 900
26470300 900
26558900 900
26647500 900
26736100 900
26824700 900
26913300 900
27001900 900
27090500 900
27179100 900
27267700 900
27356300 900
27444900 900
27533500 900
27622100 900
27710700 900
27799300 900
27887900 900
27976500 900
28065100 900
28153700 900
28242300 900
28330900 900
28419500 900
28508100 900
28596700 900
28685300 900
28773900 900
28862500 900
28951100 900
29039700 900
29128300 900
29216900 900
29305500 900
29394100 900
29482700 900
29571300 900
29659900 900
29748500 900
29837100 900
29925700 900
30014300 900
30102900 900
30191500 900
30280100 900
30368700 900
30457300 900
30545900 900
30634500 900
30723100 900
30811700 900
30900300 900
30988900 900
31077500 900
31166100 900
31254700 900
31343300 900
31431900 900
31520500 900
31609100 900
31697700 900
31786300 900
31874900 900
31963500 900
32052100 900
32140700 900
32229300 900
32317900 900
32406500 900
32495100 900
32583700 900
32672300 900
32760900 900
32849500 900
32938100 900
33026700 900
33115300 900
33203900 900
33292500 900
33381100 900
33469700 900
33558300 900
33646900 900
33735500 900
33824100 900
33912700 900
34001300 900
34089900 900
34178500 900
34267100 900
34355700 900
34444300 900
34532900 900
34621500 900
34710100 900
34798700 900
34887300 900
34975900 900
35064500 900
35153100 900
35241700 900
35330300 900
35418900 900
35507500 900
35596100 900
35684700 900
35773300 900
35861900 900
35950500 900
36039100 900
36127700 900
36216300 900
36304900 900
36393500 900
36482100 900
36570700 900
36659300 900
36747900 900
36836500 900
36925100 900
37013700 900
37102300 900
37190900 900
37279500 900
37368100 900
37456700 900
37545300 900
37633900 900
37722500 900
37811100 900
37899700 900
37988300 900
38076900 900
38165500 900
38254100 900
38342700 900
38431300 900
38519900 900
38608500 900
38697100 900
38785700 900
38874300 900
38962900 900
39051500 900
39140100 900
39228700 900
39317300 900
39405900 900
39494500 900
39583100 900
39671700 900
39760300 900
39848900 900
39937500 900
40026100 900
40114700 900
40203300 900
40291900 900
40380500 900
40469100 900
40557700 900
40646300 900
40734900 900
40823500 900
40912100 900
41000700 900
41089300 900
41177900 900
41266500 900
41355100 900
41443700 900
41532300 900
41620900 900
41709500 900
41798100 900
41886700 900
41975300 900
42063900 900
42152500 900
42241100 900
42329700 900
42418300 900
42506900 900
42595500 900
42684100 900
42772700 900
42861300 900
42949900 900
43038500 900
1705330 1050
1808780 1050
1912230 1050
2015680 1050
2119130 1050
2222580 1050
2326030 1050
2429480 1050
2532930 1050
2636380 1050
2739830 1050
2843280 1050
2946730 1050
3050180 1050
3153630 1050
3257080 1050
3360530 1050
3463980 1050
3567430 1050
3670880 1050
3774330 1050
3877780 1050
3981230 1050
4084680 1050
4188130 1050
4291580 1050
4395030 1050
4498480 1050
4601930 1050
4705380 1050
4808830 1050
4912280 1050
5015730 1050
5119180 1050
5222630 1050
5326080 1050
5429530 1050
5532980 1050
5636430 1050
5739880 1050
5843330 1050
5946780 1050
6050230 1050
6153680 1050
6257130 1050
6360580 1050
6464030 1050
6567480 1050
6670930 1050
6774380 1050
6877830 1050
6981280 1050
7084730 1050
7188180 1050
7291630 1050
7395080 1050
7498530 1050
7601980 1050
7705430 1050
7808880 1050
7912330 1050
8015780 1050
8119230 1050
8222680 1050
8326130 1050
8429580 1050
8533030 1050
8636480 1050
8739930 1050
8843380 1050
8946830 1050
9050280 1050
9153730 1050
9257180 1050
9360630 1050
9464080 1050
9567530 1050
9670980 1050
9774430 1050
9877880 1050
9981330 1050
10084780 1050
10188230 1050
10291680 1050
10395130 1050
10498580 1050
10602030 1050
10705480 1050
10808930 1050
10912380 1050
11015830 1050
11119280 1050
11222730 1050
11326180 1050
11429630 1050
11533080 1050
11636530 1050
11739980 1050
11843430 1050
11946880 1050
12050330 1050
12153780 1050
12257230 1050
12360680 1050
12464130 1050
12567580 1050
12671030 1050
12774480 1050
12877930 1050
12981380 1050
13084830 1050
13188280 1050
13291730 1050
13395180 1050
13498630 1050
13602080 1050
13705530 1050
13808980 1050
13912430 1050
14015880 1050
14119330 1050
14222780 1050
14326230 1050
14429680 1050
14533130 1050
14636580 1050
14740030 1050
14843480 1050
14946930 1050
15050380 1050
15153830 1050
15257280 1050
15360730 1050
15464180 1050
15567630 1050
15671080 1050
15774530 1050
15877980 1050
15981430 1050
16084880 1050
16188330 1050
16291780 1050
16395230 1050
16498680 1050
16602130 1050
16705580 1050
16809030 1050
16912480 1050
17015930 1050
17119380 1050
17222830 1050
17326280 1050
17429730 1050
17533180 1050
17636630 1050
17740080 1050
17843530 1050
17946980 1050
18050430 1050
18153880 1050
18257330 1050
18360780 1050
18464230 1050
18567680 1050
18671130 1050
18774580 1050
18878030 1050
18981480 1050
19084930 1050
19188380 1050
19291830 1050
19395280 1050
19498730 1050
19602180 1050
19705630 1050
19809080 1050
19912530 1050
20015980 1050
20119430 1050
20222880 1050
20326330 1050
20429780 1050
20533230 1050
20636680 1050
20740130 1050
20843580 1050
20947030 1050
21050480 1050
21153930 1050
21257380 1050
21360830 1050
21464280 1050
21567730 1050
21671180 1050
21774630 1050
21878080 1050
21981530 1050
22084980 1050
22188430 1050
22291880 1050
22395330 1050
22498780 1050
22602230 1050
22705680 1050
22809130 1050
22912580 1050
23016030 1050
23119480 1050
23222930 1050
23326380 1050
23429830 1050
23533280 1050
23636730 1050
23740180 1050
23843630 1050
23947080 1050
24050530 1050
24153980 1050
24257430 1050
24360880 1050
24464330 1050
24567780 1050
24671230 1050
24774680 1050
24878130 1050
24981580 1050
25085030 1050
25188480 1050
25291930 1050
25395380 1050
25498830 1050
25602280 1050
25705730 1050
25809180 1050
25912630 1050
26016080 1050
26119530 1050
26222980 1050
26326430 1050
26429880 1050
26533330 1050
26636780 1050
26740230 1050
26843680 1050
26947130 1050
27050580 1050
27154030 1050
27257480 1050
27360930 1050
27464380 1050
27567830 1050
27671280 1050
27774730 1050
27878180 1050
27981630 1050
28085080 1050
28188530 1050
28291980 1050
28395430 1050
28498880 1050
28602330 1050
28705780 1050
28809230 1050
28912680 1050
29016130 1050
29119580 1050
29223030 1050
29326480 1050
29429930 1050
29533380 1050
29636830 1050
29740280 1050
29843730 1050
29947180 1050
30050630 1050
30154080 1050
30257530 1050
30360980 1050
30464430 1050
30567880 1050
30671330 1050
30774780 1050
30878230 1050
30981680 1050
31085130 1050
31188580 1050
31292030 1050
31395480 1050
31498930 1050
31602380 1050
31705830 1050
31809280 1050
31912730 1050
32016180 1050
32119630 1050
32223080 1050
32326530 1050
32429980 1050
32533430 1050
32636880 1050
32740330 1050
32843780 1050
32947230 1050
33050680 1050
33154130 1050
33257580 1050
33361030 1050
33464480 1050
33567930 1050
33671380 1050
33774830 1050
33878280 1050
33981730 1050
34085180 1050
34188630 1050
34292080 1050
34395530 1050
34498980 1050
34602430 1050
34705880 1050
34809330 1050
34912780 1050
35016230 1050
35119680 1050
35223130 1050
35326580 1050
35430030 1050
35533480 1050
35636930 1050
35740380 1050
35843830 1050
35947280 1050
36050730 1050
36154180 1050
36257630 1050
36361080 1050
36464530 1050
36567980 1050
36671430 1050
36774880 1050
36878330 1050
36981780 1050
37085230 1050
37188680 1050
37292130 1050
37395580 1050
37499030 1050
37602480 1050
37705930 1050
37809380 1050
37912830 1050
38016280 1050
38119730 1050
38223180 1050
38326630 1050
38430080 1050
38533530 1050
38636980 1050
38740430 1050
38843880 1050
38947330 1050
39050780 1050
39154230 1050
39257680 1050
39361130 1050
39464580 1050
39568030 1050
39671480 1050
39774930 1050
39878380 1050
39981830 1050
40085280 1050
40188730 1050
40292180 1050
40395630 1050
40499080 1050
40602530 1050
40705980 1050
40809430 1050
40912880 1050
41016330 1050
41119780 1050
41223230 1050
41326680 1050
41430130 1050
41533580 1050
41637030 1050
41740480 1050
41843930 1050
41947380 1050
42050830 1050
42154280 1050
42257730 1050
42361180 1050
42464630 1050
42568080 1050
42671530 1050
42774980 1050
42878430 1050
42981880 1050
43085330 1050
43188780 1050
43292230 1050
43395680 1050
43499130 1050
43602580 1050
43706030 1050
43809480 1050
43912930 1050
44016380 1050
44119830 1050
44223280 1050
44326730 1050
44430180 1050
44533630 1050
44637080 1050
44740530 1050
44843980 1050
44947430 1050
45050880 1050
45154330 1050
45257780 1050
45361230 1050
45464680 1050
45568130 1050
45671580 1050
45775030 1050
45878480 1050
45981930 1050
46085380 1050
46188830 1050
46292280 1050
46395730 1050
46499180 1050
46602630 1050
46706080 1050
46809530 1050
46912980 1050
47016430 1050
47119880 1050
47223330 1050
47326780 1050
47430230 1050
47533680 1050
47637130 1050
47740580 1050
47844030 1050
47947480 1050
48050930 1050
48154380 1050
48257830 1050
48361280 1050
48464730 1050
48568180 1050
48671630 1050
48775080 1050
48878530 1050
48981980 1050
49085430 1050
49188880 1050
49292330 1050
49395780 1050
49499230 1050
49602680 1050
49706130 1050
49809580 1050
49913030 1050
50016480 1050
50119930 1050
50223380 1050
50326830 1050
50430280 1050
2809170 1040
2911630 1040
3014090 1040
3116550 1040
3219010 1040
3321470 1040
3423930 1040
3526390 1040
3628850 1040
3731310 1040
3833770 1040
3936230 1040
4038690 1040
4141150 1040
4243610 1040
4346070 1040
4448530 1040
4550990 1040
4653450 1040
4755910 1040
4858370 1040
4960830 1040
5063290 1040
5165750 1040
5268210 1040
5370670 1040
5473130 1040
5575590 1040
5678050 1040
5780510 1040
5882970 1040
5985430 1040
6087890 1040
6190350 1040
6292810 1040
6395270 1040
6497730 1040
6600190 1040
6702650 1040
6805110 1040
6907570 1040
7010030 1040
7112490 1040
7214950 1040
7317410 1040
7419870 1040
7522330 1040
7624790 1040
7727250 1040
7829710 1040
7932170 1040
8034630 1040
8137090 1040
8239550 1040
8342010 1040
8444470 1040
8546930 1040
8649390 1040
8751850 1040
8854310 1040
8956770 1040
9059230 1040
9161690 1040
9264150 1040
9366610 1040
9469070 1040
9571530 1040
9673990 1040
9776450 1040
9878910 1040
9981370 1040
10083830 1040
10186290 1040
10288750 1040
10391210 1040
10493670 1040
10596130 1040
10698590 1040
10801050 1040
10903510 1040
11005970 1040
11108430 1040
11210890 1040
11313350 1040
11415810 1040
11518270 1040
11620730 1040
11723190 1040
11825650 1040
11928110 1040
12030570 1040
12133030 1040
12235490 1040
12337950 1040
12440410 1040
12542870 1040
12645330 1040
12747790 1040
12850250 1040
12952710 1040
13055170 1040
13157630 1040
13260090 1040
13362550 1040
13465010 1040
13567470 1040
13669930 1040
13772390 1040
13874850 1040
13977310 1040
14079770 1040
14182230 1040
14284690 1040
14387150 1040
14489610 1040
14592070 1040
14694530 1040
14796990 1040
14899450 1040
15001910 1040
15104370 1040
15206830 1040
15309290 1040
15411750 1040
15514210 1040
15616670 1040
15719130 1040
15821590 1040
15924050 1040
16026510 1040
16128970 1040
16231430 1040
16333890 1040
16436350 1040
16538810 1040
16641270 1040
16743730 1040
16846190 1040
16948650 1040
17051110 1040
17153570 1040
17256030 1040
17358490 1040
4915410 1050
5018860 1050
5122310 1050
5225760 1050
5329210 1050
5432660 1050
5536110 1050
5639560 1050
5743010 1050
5846460 1050
5949910 1050
6053360 1050
6156810 1050
6260260 1050
6363710 1050
6467160 1050
6570610 1050
6674060 1050
6777510 1050
6880960 1050
6984410 1050
7087860 1050
7191310 1050
7294760 1050
7398210 1050
7501660 1050
7605110 1050
7708560 1050
7812010 1050
7915460 1050
8018910 1050
8122360 1050
8225810 1050
8329260 1050
8432710 1050
8536160 1050
8639610 1050
8743060 1050
8846510 1050
8949960 1050
9053410 1050
9156860 1050
9260310 1050
9363760 1050
9467210 1050
9570660 1050
9674110 1050
9777560 1050
9881010 1050
9984460 1050
10087910 1050
10191360 1050
10294810 1050
10398260 1050
10501710 1050
10605160 1050
10708610 1050
10812060 1050
10915510 1050
11018960 1050
11122410 1050
11225860 1050
11329310 1050
11432760 1050
11536210 1050
11639660 1050
11743110 1050
11846560 1050
11950010 1050
12053460 1050
12156910 1050
12260360 1050
12363810 1050
12467260 1050
12570710 1050
12674160 1050
12777610 1050
12881060 1050
12984510 1050
13087960 1050
13191410 1050
13294860 1050
13398310 1050
13501760 1050
13605210 1050
13708660 1050
13812110 1050
13915560 1050
14019010 1050
14122460 1050
14225910 1050
14329360 1050
14432810 1050
14536260 1050
14639710 1050
14743160 1050
14846610 1050
14950060 1050
15053510 1050
15156960 1050
15260410 1050
15363860 1050
15467310 1050
15570760 1050
15674210 1050
15777660 1050
15881110 1050
15984560 1050
16088010 1050
16191460 1050
16294910 1050
16398360 1050
16501810 1050
16605260 1050
16708710 1050
16812160 1050
16915610 1050
17019060 1050
17122510 1050
17225960 1050
17329410 1050
17432860 1050
17536310 1050
17639760 1050
17743210 1050
17846660 1050
17950110 1050
2509420 760
2584160 760
2658900 760
2733640 760
2808380 760
2883120 760
2957860 760
3032600 760
3107340 760
3182080 760
3256820 760
3331560 760
3406300 760
3481040 760
3555780 760
3630520 760
3705260 760
3780000 760
3854740 760
3929480 760
4004220 760
4078960 760
4153700 760
4228440 760
4303180 760
4377920 760
4452660 760
4527400 760
4602140 760
4676880 760
4751620 760
4826360 760
4901100 760
4975840 760
5050580 760
5125320 760
5200060 760
5274800 760
5349540 760
5424280 760
5499020 760
5573760 760
5648500 760
5723240 760
5797980 760
5872720 760
5947460 760
6022200 760
6096940 760
6171680 760
6246420 760
6321160 760
6395900 760
6470640 760
6545380 760
6620120 760
6694860 760
6769600 760
6844340 760
6919080 760
6993820 760
7068560 760
7143300 760
7218040 760
7292780 760
7367520 760
7442260 760
7517000 760
7591740 760
7666480 760
7741220 760
7815960 760
7890700 760
7965440 760
8040180 760
8114920 760
8189660 760
8264400 760
8339140 760
8413880 760
8488620 760
8563360 760
8638100 760
8712840 760
8787580 760
8862320 760
8937060 760
9011800 760
9086540 760
9161280 760
9236020 760
9310760 760
9385500 760
9460240 760
9534980 760
9609720 760
9684460 760
9759200 760
9833940 760
9908680 760
9983420 760
10058160 760
10132900 760
10207640 760
10282380 760
10357120 760
10431860 760
10506600 760
10581340 760
10656080 760
10730820 760
10805560 760
10880300 760
10955040 760
11029780 760
11104520 760
11179260 760
11254000 760
11328740 760
11403480 760
11478220 760
11552960 760
11627700 760
11702440 760
11777180 760
11851920 760
11926660 760
12001400 760
12076140 760
12150880 760
12225620 760
12300360 760
12375100 760
12449840 760
12524580 760
12599320 760
12674060 760
12748800 760
12823540 760
12898280 760
12973020 760
13047760 760
13122500 760
13197240 760
13271980 760
13346720 760
13421460 760
13496200 760
13570940 760
13645680 760
13720420 760
13795160 760
13869900 760
13944640 760
14019380 760
14094120 760
14168860 760
14243600 760
14318340 760
14393080 760
14467820 760
14542560 760
